{
  "scene": "procedural_corridor_room",
  "image_resolution": [
    512,
    256
  ],
  "vo_frames": 50,
  "homing_viewpoints": 15,
  "camera_height": 1.5,
  "vo_trajectory": [
    {
      "frame_id": 0,
      "filename": "vo/frame_0000.png",
      "position": [
        -5.0,
        1.5,
        0.007447648793458939
      ],
      "rotation": [
        [
          1.0,
          0.0,
          0.0
        ],
        [
          0.0,
          1.0,
          0.0
        ],
        [
          -0.0,
          0.0,
          1.0
        ]
      ]
    },
    {
      "frame_id": 1,
      "filename": "vo/frame_0001.png",
      "position": [
        -4.49806022644043,
        1.5,
        0.05230925232172012
      ],
      "rotation": [
        [
          0.9999456405639648,
          0.0,
          -0.010424060747027397
        ],
        [
          0.0,
          1.0,
          0.0
        ],
        [
          0.010424060747027397,
          0.0,
          0.9999456405639648
        ]
      ]
    },
    {
      "frame_id": 2,
      "filename": "vo/frame_0002.png",
      "position": [
        -4.002597332000732,
        1.5,
        0.09042520821094513
      ],
      "rotation": [
        [
          0.9998831152915955,
          0.0,
          -0.015288304537534714
        ],
        [
          0.0,
          1.0,
          0.0
        ],
        [
          0.015288304537534714,
          0.0,
          0.9998831152915955
        ]
      ]
    },
    {
      "frame_id": 3,
      "filename": "vo/frame_0003.png",
      "position": [
        -3.512347459793091,
        1.5,
        0.12025845050811768
      ],
      "rotation": [
        [
          0.9998770952224731,
          0.0,
          -0.015678107738494873
        ],
        [
          0.0,
          1.0,
          0.0
        ],
        [
          0.015678107738494873,
          0.0,
          0.9998770952224731
        ]
      ]
    },
    {
      "frame_id": 4,
      "filename": "vo/frame_0004.png",
      "position": [
        -3.0260465145111084,
        1.5,
        0.14061422646045685
      ],
      "rotation": [
        [
          0.9999196529388428,
          0.0,
          -0.01267825998365879
        ],
        [
          0.0,
          1.0,
          0.0
        ],
        [
          0.01267825998365879,
          0.0,
          0.9999196529388428
        ]
      ]
    },
    {
      "frame_id": 5,
      "filename": "vo/frame_0005.png",
      "position": [
        -2.542430877685547,
        1.5,
        0.15076661109924316
      ],
      "rotation": [
        [
          0.9999728202819824,
          0.0,
          -0.007373183034360409
        ],
        [
          0.0,
          1.0,
          0.0
        ],
        [
          0.007373183034360409,
          0.0,
          0.9999728202819824
        ]
      ]
    },
    {
      "frame_id": 6,
      "filename": "vo/frame_0006.png",
      "position": [
        -2.060237169265747,
        1.5,
        0.15055428445339203
      ],
      "rotation": [
        [
          0.9999996423721313,
          0.0,
          -0.0008474998758174479
        ],
        [
          0.0,
          1.0,
          0.0
        ],
        [
          0.0008474998758174479,
          0.0,
          0.9999996423721313
        ]
      ]
    },
    {
      "frame_id": 7,
      "filename": "vo/frame_0007.png",
      "position": [
        -1.578201413154602,
        1.5,
        0.14043954014778137
      ],
      "rotation": [
        [
          0.9999830722808838,
          0.0,
          0.005813817027956247
        ],
        [
          0.0,
          1.0,
          0.0
        ],
        [
          -0.005813817027956247,
          0.0,
          0.9999830722808838
        ]
      ]
    },
    {
      "frame_id": 8,
      "filename": "vo/frame_0008.png",
      "position": [
        -1.095059871673584,
        1.5,
        0.1215263083577156
      ],
      "rotation": [
        [
          0.9999336004257202,
          0.0,
          0.011525744572281837
        ],
        [
          0.0,
          1.0,
          0.0
        ],
        [
          -0.011525744572281837,
          0.0,
          0.9999336004257202
        ]
      ]
    },
    {
      "frame_id": 9,
      "filename": "vo/frame_0009.png",
      "position": [
        -0.6095487475395203,
        1.5,
        0.09553635120391846
      ],
      "rotation": [
        [
          0.9998844265937805,
          0.0,
          0.015203564427793026
        ],
        [
          0.0,
          1.0,
          0.0
        ],
        [
          -0.015203564427793026,
          0.0,
          0.9998844265937805
        ]
      ]
    },
    {
      "frame_id": 10,
      "filename": "vo/frame_0010.png",
      "position": [
        -0.1204044371843338,
        1.5,
        0.06474500894546509
      ],
      "rotation": [
        [
          0.9998757839202881,
          0.0,
          0.015762846916913986
        ],
        [
          0.0,
          1.0,
          0.0
        ],
        [
          -0.015762846916913986,
          0.0,
          0.9998757839202881
        ]
      ]
    },
    {
      "frame_id": 11,
      "filename": "vo/frame_0011.png",
      "position": [
        0.3736368417739868,
        1.5,
        0.03188067302107811
      ],
      "rotation": [
        [
          0.9999265670776367,
          0.0,
          0.01211895328015089
        ],
        [
          0.0,
          1.0,
          0.0
        ],
        [
          -0.01211895328015089,
          0.0,
          0.9999265670776367
        ]
      ]
    },
    {
      "frame_id": 12,
      "filename": "vo/frame_0012.png",
      "position": [
        0.8738387823104858,
        1.5,
        -5.27236898051342e-06
      ],
      "rotation": [
        [
          0.9999949336051941,
          0.0,
          0.003186594694852829
        ],
        [
          0.0,
          1.0,
          0.0
        ],
        [
          -0.003186594694852829,
          0.0,
          0.9999949336051941
        ]
      ]
    },
    {
      "frame_id": 13,
      "filename": "vo/frame_0013.png",
      "position": [
        1.380932092666626,
        1.5,
        -0.028001585975289345
      ],
      "rotation": [
        [
          0.9999319911003113,
          0.0,
          -0.011661335825920105
        ],
        [
          0.0,
          1.0,
          0.0
        ],
        [
          0.011661335825920105,
          0.0,
          0.9999319911003113
        ]
      ]
    },
    {
      "frame_id": 14,
      "filename": "vo/frame_0014.png",
      "position": [
        1.8910069465637207,
        1.5,
        -0.05190226808190346
      ],
      "rotation": [
        [
          0.999577522277832,
          0.0,
          -0.02906515635550022
        ],
        [
          0.0,
          1.0,
          0.0
        ],
        [
          0.02906515635550022,
          0.0,
          0.999577522277832
        ]
      ]
    },
    {
      "frame_id": 15,
      "filename": "vo/frame_0015.png",
      "position": [
        2.3977644443511963,
        1.5,
        -0.07305280864238739
      ],
      "rotation": [
        [
          0.9990484118461609,
          0.0,
          -0.04361546039581299
        ],
        [
          0.0,
          1.0,
          0.0
        ],
        [
          0.04361546039581299,
          0.0,
          0.9990484118461609
        ]
      ]
    },
    {
      "frame_id": 16,
      "filename": "vo/frame_0016.png",
      "position": [
        2.8948862552642822,
        1.5,
        -0.09311705827713013
      ],
      "rotation": [
        [
          0.9987543821334839,
          0.0,
          -0.04989702254533768
        ],
        [
          0.0,
          1.0,
          0.0
        ],
        [
          0.04989702254533768,
          0.0,
          0.9987543821334839
        ]
      ]
    },
    {
      "frame_id": 17,
      "filename": "vo/frame_0017.png",
      "position": [
        3.3760530948638916,
        1.5,
        -0.11419866234064102
      ],
      "rotation": [
        [
          0.9990965723991394,
          0.0,
          -0.042497798800468445
        ],
        [
          0.0,
          1.0,
          0.0
        ],
        [
          0.042497798800468445,
          0.0,
          0.9990965723991394
        ]
      ]
    },
    {
      "frame_id": 18,
      "filename": "vo/frame_0018.png",
      "position": [
        3.834946870803833,
        1.5,
        -0.13894517719745636
      ],
      "rotation": [
        [
          0.9998722672462463,
          0.0,
          -0.01598316989839077
        ],
        [
          0.0,
          1.0,
          0.0
        ],
        [
          0.01598316989839077,
          0.0,
          0.9998722672462463
        ]
      ]
    },
    {
      "frame_id": 19,
      "filename": "vo/frame_0019.png",
      "position": [
        4.265420436859131,
        1.5,
        -0.16989479959011078
      ],
      "rotation": [
        [
          0.9994020462036133,
          0.0,
          0.034576546400785446
        ],
        [
          0.0,
          1.0,
          0.0
        ],
        [
          -0.034576546400785446,
          0.0,
          0.9994020462036133
        ]
      ]
    },
    {
      "frame_id": 20,
      "filename": "vo/frame_0020.png",
      "position": [
        4.663656234741211,
        1.5,
        -0.20042568445205688
      ],
      "rotation": [
        [
          0.9942507147789001,
          0.0,
          0.1070769801735878
        ],
        [
          0.0,
          1.0,
          0.0
        ],
        [
          -0.1070769801735878,
          0.0,
          0.9942507147789001
        ]
      ]
    },
    {
      "frame_id": 21,
      "filename": "vo/frame_0021.png",
      "position": [
        5.027517318725586,
        1.5,
        -0.21748019754886627
      ],
      "rotation": [
        [
          0.9809927344322205,
          0.0,
          0.19404441118240356
        ],
        [
          0.0,
          1.0,
          0.0
        ],
        [
          -0.19404441118240356,
          0.0,
          0.9809927344322205
        ]
      ]
    },
    {
      "frame_id": 22,
      "filename": "vo/frame_0022.png",
      "position": [
        5.354902744293213,
        1.5,
        -0.20841793715953827
      ],
      "rotation": [
        [
          0.957771897315979,
          0.0,
          0.2875291109085083
        ],
        [
          0.0,
          1.0,
          0.0
        ],
        [
          -0.2875291109085083,
          0.0,
          0.957771897315979
        ]
      ]
    },
    {
      "frame_id": 23,
      "filename": "vo/frame_0023.png",
      "position": [
        5.643712043762207,
        1.5,
        -0.16107985377311707
      ],
      "rotation": [
        [
          0.9251249432563782,
          0.0,
          0.37966275215148926
        ],
        [
          0.0,
          1.0,
          0.0
        ],
        [
          -0.37966275215148926,
          0.0,
          0.9251249432563782
        ]
      ]
    },
    {
      "frame_id": 24,
      "filename": "vo/frame_0024.png",
      "position": [
        5.891844272613525,
        1.5,
        -0.06366468966007233
      ],
      "rotation": [
        [
          0.8862080574035645,
          0.0,
          0.4632874131202698
        ],
        [
          0.0,
          1.0,
          0.0
        ],
        [
          -0.4632874131202698,
          0.0,
          0.8862080574035645
        ]
      ]
    },
    {
      "frame_id": 25,
      "filename": "vo/frame_0025.png",
      "position": [
        6.0975494384765625,
        1.5,
        0.0948476567864418
      ],
      "rotation": [
        [
          0.8463521003723145,
          0.0,
          0.532623827457428
        ],
        [
          0.0,
          1.0,
          0.0
        ],
        [
          -0.532623827457428,
          0.0,
          0.8463521003723145
        ]
      ]
    },
    {
      "frame_id": 26,
      "filename": "vo/frame_0026.png",
      "position": [
        6.26713752746582,
        1.5,
        0.31231361627578735
      ],
      "rotation": [
        [
          0.8098709583282471,
          0.0,
          0.5866080522537231
        ],
        [
          0.0,
          1.0,
          0.0
        ],
        [
          -0.5866080522537231,
          0.0,
          0.8098709583282471
        ]
      ]
    },
    {
      "frame_id": 27,
      "filename": "vo/frame_0027.png",
      "position": [
        6.414979934692383,
        1.5,
        0.5735898017883301
      ],
      "rotation": [
        [
          0.7782997488975525,
          0.0,
          0.6278928518295288
        ],
        [
          0.0,
          1.0,
          0.0
        ],
        [
          -0.6278928518295288,
          0.0,
          0.7782997488975525
        ]
      ]
    },
    {
      "frame_id": 28,
      "filename": "vo/frame_0028.png",
      "position": [
        6.555797100067139,
        1.5,
        0.8632328510284424
      ],
      "rotation": [
        [
          0.752162516117096,
          0.0,
          0.6589776277542114
        ],
        [
          0.0,
          1.0,
          0.0
        ],
        [
          -0.6589776277542114,
          0.0,
          0.752162516117096
        ]
      ]
    },
    {
      "frame_id": 29,
      "filename": "vo/frame_0029.png",
      "position": [
        6.704310894012451,
        1.5,
        1.1662081480026245
      ],
      "rotation": [
        [
          0.7313230633735657,
          0.0,
          0.6820312142372131
        ],
        [
          0.0,
          1.0,
          0.0
        ],
        [
          -0.6820312142372131,
          0.0,
          0.7313230633735657
        ]
      ]
    },
    {
      "frame_id": 30,
      "filename": "vo/frame_0030.png",
      "position": [
        6.875242710113525,
        1.5,
        1.468002438545227
      ],
      "rotation": [
        [
          0.7151894569396973,
          0.0,
          0.6989306807518005
        ],
        [
          0.0,
          1.0,
          0.0
        ],
        [
          -0.6989306807518005,
          0.0,
          0.7151894569396973
        ]
      ]
    },
    {
      "frame_id": 31,
      "filename": "vo/frame_0031.png",
      "position": [
        7.083028793334961,
        1.5,
        1.754589319229126
      ],
      "rotation": [
        [
          0.7028369903564453,
          0.0,
          0.7113509774208069
        ],
        [
          0.0,
          1.0,
          0.0
        ],
        [
          -0.7113509774208069,
          0.0,
          0.7028369903564453
        ]
      ]
    },
    {
      "frame_id": 32,
      "filename": "vo/frame_0032.png",
      "position": [
        7.329232692718506,
        1.5,
        2.0075161457061768
      ],
      "rotation": [
        [
          0.6918084621429443,
          0.0,
          0.7220810651779175
        ],
        [
          0.0,
          1.0,
          0.0
        ],
        [
          -0.7220810651779175,
          0.0,
          0.6918084621429443
        ]
      ]
    },
    {
      "frame_id": 33,
      "filename": "vo/frame_0033.png",
      "position": [
        7.59755277633667,
        1.5,
        2.201937437057495
      ],
      "rotation": [
        [
          0.6775652170181274,
          0.0,
          0.7354627251625061
        ],
        [
          0.0,
          1.0,
          0.0
        ],
        [
          -0.7354627251625061,
          0.0,
          0.6775652170181274
        ]
      ]
    },
    {
      "frame_id": 34,
      "filename": "vo/frame_0034.png",
      "position": [
        7.8703718185424805,
        1.5,
        2.3130815029144287
      ],
      "rotation": [
        [
          0.6550670266151428,
          0.0,
          0.7555707693099976
        ],
        [
          0.0,
          1.0,
          0.0
        ],
        [
          -0.7555707693099976,
          0.0,
          0.6550670266151428
        ]
      ]
    },
    {
      "frame_id": 35,
      "filename": "vo/frame_0035.png",
      "position": [
        8.130073547363281,
        1.5,
        2.316683530807495
      ],
      "rotation": [
        [
          0.6186222434043884,
          0.0,
          0.785688579082489
        ],
        [
          0.0,
          1.0,
          0.0
        ],
        [
          -0.785688579082489,
          0.0,
          0.6186222434043884
        ]
      ]
    },
    {
      "frame_id": 36,
      "filename": "vo/frame_0036.png",
      "position": [
        8.359041213989258,
        1.5,
        2.1888701915740967
      ],
      "rotation": [
        [
          0.5614368319511414,
          0.0,
          0.8275195956230164
        ],
        [
          0.0,
          1.0,
          0.0
        ],
        [
          -0.8275195956230164,
          0.0,
          0.5614368319511414
        ]
      ]
    },
    {
      "frame_id": 37,
      "filename": "vo/frame_0037.png",
      "position": [
        8.539712905883789,
        1.5,
        1.9061869382858276
      ],
      "rotation": [
        [
          0.4752346873283386,
          0.0,
          0.8798590898513794
        ],
        [
          0.0,
          1.0,
          0.0
        ],
        [
          -0.8798590898513794,
          0.0,
          0.4752346873283386
        ]
      ]
    },
    {
      "frame_id": 38,
      "filename": "vo/frame_0038.png",
      "position": [
        8.661187171936035,
        1.5,
        1.4658145904541016
      ],
      "rotation": [
        [
          0.35432523488998413,
          0.0,
          0.9351222515106201
        ],
        [
          0.0,
          1.0,
          0.0
        ],
        [
          -0.9351222515106201,
          0.0,
          0.35432523488998413
        ]
      ]
    },
    {
      "frame_id": 39,
      "filename": "vo/frame_0039.png",
      "position": [
        8.725502014160156,
        1.5,
        0.9047585725784302
      ],
      "rotation": [
        [
          0.20186595618724823,
          0.0,
          0.9794131517410278
        ],
        [
          0.0,
          1.0,
          0.0
        ],
        [
          -0.9794131517410278,
          0.0,
          0.20186595618724823
        ]
      ]
    },
    {
      "frame_id": 40,
      "filename": "vo/frame_0040.png",
      "position": [
        8.73617935180664,
        1.5,
        0.264376163482666
      ],
      "rotation": [
        [
          0.025658562779426575,
          0.0,
          0.9996707439422607
        ],
        [
          0.0,
          1.0,
          0.0
        ],
        [
          -0.9996707439422607,
          0.0,
          0.025658562779426575
        ]
      ]
    },
    {
      "frame_id": 41,
      "filename": "vo/frame_0041.png",
      "position": [
        8.696744918823242,
        1.5,
        -0.41435158252716064
      ],
      "rotation": [
        [
          -0.16266591846942902,
          0.0,
          0.9866812229156494
        ],
        [
          0.0,
          1.0,
          0.0
        ],
        [
          -0.9866812229156494,
          0.0,
          -0.16266591846942902
        ]
      ]
    },
    {
      "frame_id": 42,
      "filename": "vo/frame_0042.png",
      "position": [
        8.610719680786133,
        1.5,
        -1.0909395217895508
      ],
      "rotation": [
        [
          -0.34916287660598755,
          0.0,
          0.9370620250701904
        ],
        [
          0.0,
          1.0,
          0.0
        ],
        [
          -0.9370620250701904,
          0.0,
          -0.34916287660598755
        ]
      ]
    },
    {
      "frame_id": 43,
      "filename": "vo/frame_0043.png",
      "position": [
        8.48162841796875,
        1.5,
        -1.7254856824874878
      ],
      "rotation": [
        [
          -0.5201067328453064,
          0.0,
          0.8541012406349182
        ],
        [
          0.0,
          1.0,
          0.0
        ],
        [
          -0.8541012406349182,
          0.0,
          -0.5201067328453064
        ]
      ]
    },
    {
      "frame_id": 44,
      "filename": "vo/frame_0044.png",
      "position": [
        8.312994956970215,
        1.5,
        -2.278719902038574
      ],
      "rotation": [
        [
          -0.6646813750267029,
          0.0,
          0.7471269369125366
        ],
        [
          0.0,
          1.0,
          0.0
        ],
        [
          -0.7471269369125366,
          0.0,
          -0.6646813750267029
        ]
      ]
    },
    {
      "frame_id": 45,
      "filename": "vo/frame_0045.png",
      "position": [
        8.108341217041016,
        1.5,
        -2.7120118141174316
      ],
      "rotation": [
        [
          -0.776902973651886,
          0.0,
          0.629620373249054
        ],
        [
          0.0,
          1.0,
          0.0
        ],
        [
          -0.629620373249054,
          0.0,
          -0.776902973651886
        ]
      ]
    },
    {
      "frame_id": 46,
      "filename": "vo/frame_0046.png",
      "position": [
        7.87119197845459,
        1.5,
        -2.9873366355895996
      ],
      "rotation": [
        [
          -0.8561385869979858,
          0.0,
          0.5167462825775146
        ],
        [
          0.0,
          1.0,
          0.0
        ],
        [
          -0.5167462825775146,
          0.0,
          -0.8561385869979858
        ]
      ]
    },
    {
      "frame_id": 47,
      "filename": "vo/frame_0047.png",
      "position": [
        7.605069637298584,
        1.5,
        -3.0672006607055664
      ],
      "rotation": [
        [
          -0.906070351600647,
          0.0,
          0.42312708497047424
        ],
        [
          0.0,
          1.0,
          0.0
        ],
        [
          -0.42312708497047424,
          0.0,
          -0.906070351600647
        ]
      ]
    },
    {
      "frame_id": 48,
      "filename": "vo/frame_0048.png",
      "position": [
        7.313497543334961,
        1.5,
        -2.914533853530884
      ],
      "rotation": [
        [
          -0.9323898553848267,
          0.0,
          0.3614542782306671
        ],
        [
          0.0,
          1.0,
          0.0
        ],
        [
          -0.3614542782306671,
          0.0,
          -0.9323898553848267
        ]
      ]
    },
    {
      "frame_id": 49,
      "filename": "vo/frame_0049.png",
      "position": [
        7.0,
        1.5,
        -2.4925522804260254
      ],
      "rotation": [
        [
          -0.9396926164627075,
          0.0,
          0.3420201539993286
        ],
        [
          0.0,
          1.0,
          0.0
        ],
        [
          -0.3420201539993286,
          0.0,
          -0.9396926164627075
        ]
      ]
    }
  ],
  "homing_views": [
    {
      "view_id": 0,
      "filename": "homing/view_0000.png",
      "position": [
        2.161160945892334,
        1.5,
        0.2587616443634033
      ]
    },
    {
      "view_id": 1,
      "filename": "homing/view_0001.png",
      "position": [
        -2.3524672985076904,
        1.5,
        -0.026695337146520615
      ]
    },
    {
      "view_id": 2,
      "filename": "homing/view_0002.png",
      "position": [
        -3.004633903503418,
        1.5,
        -0.15103547275066376
      ]
    },
    {
      "view_id": 3,
      "filename": "homing/view_0003.png",
      "position": [
        0.5644624829292297,
        1.5,
        -0.21955077350139618
      ]
    },
    {
      "view_id": 4,
      "filename": "homing/view_0004.png",
      "position": [
        2.414158582687378,
        1.5,
        0.32066959142684937
      ]
    },
    {
      "view_id": 5,
      "filename": "homing/view_0005.png",
      "position": [
        -0.8458289504051208,
        1.5,
        -0.08599885553121567
      ]
    },
    {
      "view_id": 6,
      "filename": "homing/view_0006.png",
      "position": [
        5.2884063720703125,
        1.5,
        -0.6164509654045105
      ]
    },
    {
      "view_id": 7,
      "filename": "homing/view_0007.png",
      "position": [
        7.6941328048706055,
        1.5,
        1.1222766637802124
      ]
    },
    {
      "view_id": 8,
      "filename": "homing/view_0008.png",
      "position": [
        8.71398639678955,
        1.5,
        0.5551175475120544
      ]
    },
    {
      "view_id": 9,
      "filename": "homing/view_0009.png",
      "position": [
        7.047475337982178,
        1.5,
        1.1122169494628906
      ]
    },
    {
      "view_id": 10,
      "filename": "homing/view_0010.png",
      "position": [
        7.026355266571045,
        1.5,
        -0.8852054476737976
      ]
    },
    {
      "view_id": 11,
      "filename": "homing/view_0011.png",
      "position": [
        8.094654083251953,
        1.5,
        -0.6910567283630371
      ]
    },
    {
      "view_id": 12,
      "filename": "homing/view_0012.png",
      "position": [
        8.09548282623291,
        1.5,
        -1.3586838245391846
      ]
    },
    {
      "view_id": 13,
      "filename": "homing/view_0013.png",
      "position": [
        8.403203010559082,
        1.5,
        -1.0314297676086426
      ]
    },
    {
      "view_id": 14,
      "filename": "homing/view_0014.png",
      "position": [
        9.048295021057129,
        1.5,
        0.6548806428909302
      ]
    }
  ]
}